V 54
K 1
D 0 -508000 4572000 0
Y 1
U 4191000 762000 254000 0 2 3 REFDES=IC?
U 4191000 508000 254000 0 2 3 DEVICE=NCP1117LPST33T3G
U 4191000 254000 254000 0 2 0 PKG_TYPE=SOT230P700X180-4N
U 4191000 0 254000 0 2 0 Description=Output Current in Excess of 1.0 A
U 4191000 -254000 254000 0 2 0 Datasheet Link=https://www.onsemi.com/pub/Collateral/NCP1117LP-D.PDF
U 4191000 -508000 254000 0 2 0 Height=1.8
U 4191000 -762000 254000 0 2 0 Mouser Part Number=863-NCP1117LPST33T3G
U 4191000 -1016000 254000 0 2 0 Mouser Price/Stock=https://www.mouser.co.uk/ProductDetail/onsemi/NCP1117LPST33T3G?qs=kbSN2QblFfKG9A4Foh4YYg%3D%3D
U 4191000 -1270000 254000 0 2 0 Manufacturer_Name=onsemi
U 4191000 -1524000 254000 0 2 0 Manufacturer_Part_Number=NCP1117LPST33T3G
U 0 0 254000 0 1 0 FORWARD_PCB=1
l 5 508000 254000 4064000 254000 4064000 -762000 508000 -762000 508000 254000
|GRPHSTL -1 -1 -1 1
P 1 0 0 508000 0 0 2 0
L 584200 0 228600 0 2 0 1 0 ADJUST/GROUND
A 355600 50800 203200 0 9 3 #=1
A 0 0 9 0 3 0 PINTYPE=BI
P 2 0 -254000 508000 -254000 0 2 0
L 584200 -254000 228600 0 2 0 1 0 OUTPUT_1
A 355600 -203200 203200 0 9 3 #=2
A 0 0 9 0 3 0 PINTYPE=BI
P 3 0 -508000 508000 -508000 0 2 0
L 584200 -508000 228600 0 2 0 1 0 INPUT
A 355600 -457200 203200 0 9 3 #=3
A 0 0 9 0 3 0 PINTYPE=BI
P 4 4572000 0 4064000 0 0 3 0
L 3987800 0 228600 0 8 0 1 0 OUTPUT_2
A 4216400 50800 203200 0 3 3 #=4
A 0 0 9 0 3 0 PINTYPE=BI
E
