V 54
K 1
D 0 -254000 4572000 0
Y 1
U 4191000 762000 254000 0 2 3 REFDES=Y?
U 4191000 508000 254000 0 2 3 DEVICE=KC2520Z8.00000C1KX00
U 4191000 254000 254000 0 2 0 PKG_TYPE=KC2520Z800000C1KX00
U 4191000 0 254000 0 2 0 Description=Standard Clock Oscillators 8 MHz 20 PPM 15 pF
U 4191000 -254000 254000 0 2 0 Datasheet Link=https://componentsearchengine.com/Datasheets/1/KC2520Z8.00000C1KX00.pdf
U 4191000 -508000 254000 0 2 0 Height=0.8
U 4191000 -762000 254000 0 2 0 Mouser Part Number=581-KC2520Z800C1KX00
U 4191000 -1016000 254000 0 2 0 Mouser Price/Stock=https://www.mouser.co.uk/ProductDetail/KYOCERA-AVX/KC2520Z8.00000C1KX00?qs=rrS6PyfT74cbg89ZqaPNCA%3D%3D
U 4191000 -1270000 254000 0 2 0 Manufacturer_Name=Kyocera AVX
U 4191000 -1524000 254000 0 2 0 Manufacturer_Part_Number=KC2520Z8.00000C1KX00
U 0 0 254000 0 1 0 FORWARD_PCB=1
l 5 508000 254000 4064000 254000 4064000 -508000 508000 -508000 508000 254000
|GRPHSTL -1 -1 -1 1
P 1 0 -254000 508000 -254000 0 2 0
L 584200 -254000 228600 0 2 0 1 0 ENABLE/DISABLE
A 355600 -203200 203200 0 9 3 #=1
A 0 0 9 0 3 0 PINTYPE=BI
P 2 4572000 -254000 4064000 -254000 0 3 0
L 3987800 -254000 228600 0 8 0 1 0 CASE_GND
A 4216400 -203200 203200 0 3 3 #=2
A 0 0 9 0 3 0 PINTYPE=BI
P 3 4572000 0 4064000 0 0 3 0
L 3987800 0 228600 0 8 0 1 0 OUTPUT
A 4216400 50800 203200 0 3 3 #=3
A 0 0 9 0 3 0 PINTYPE=BI
P 4 0 0 508000 0 0 2 0
L 584200 0 228600 0 2 0 1 0 VCC
A 355600 50800 203200 0 9 3 #=4
A 0 0 9 0 3 0 PINTYPE=BI
E
